Process: bo6.exe
Module: bo6.exe

Patches:
485182, 232, 144
485183, 205, 144
485184, 205, 144
485185, 254, 144
485186, 255, 144
485187, 76, 144
485188, 141, 144
485189, 64, 144
485190, 8, 144
485191, 51, 144
485192, 201, 144
485193, 128, 144
485194, 56, 144
485195, 4, 144
485196, 76, 144
485197, 15, 144
485198, 69, 144
485199, 193, 144
485200, 65, 144
485201, 15, 144
485202, 182, 144
485203, 0, 144
485204, 136, 144
485205, 131, 144
485206, 48, 144
485207, 2, 144
485208, 0, 144
485209, 0, 144
485210, 72, 144
485211, 141, 144
485212, 21, 144
485213, 23, 144
485214, 70, 144
485215, 6, 144
485216, 0, 144
485217, 72, 144
485218, 139, 144
485219, 207, 144
485220, 232, 144
485221, 167, 144
485222, 205, 144
485223, 254, 144
485224, 255, 144
485225, 72, 144
485226, 139, 144
485227, 208, 144
485228, 72, 144
485229, 141, 144
485230, 139, 144
485231, 56, 144
485232, 2, 144
485233, 0, 144
485234, 0, 144
485235, 232, 144
485236, 184, 144
485237, 204, 144
485238, 254, 144
485239, 255, 144
485241, 72, 144
485242, 141, 144
485243, 79, 144
485244, 8, 144
485245, 15, 144
485246, 182, 144
485247, 23, 144
485248, 232, 144
485249, 107, 144
485250, 169, 144
485251, 255, 144
485252, 255, 144
485253, 72, 144
485254, 139, 144
485255, 76, 144
485256, 36, 144
485257, 40, 144
485258, 72, 144
485259, 51, 144
485260, 204, 144
485261, 232, 144
485262, 206, 144
485263, 134, 144
485264, 5, 144
485265, 0, 144
488545, 116, 235
