Process: matcha.exe
Module: matcha.exe

Patches:
582555, 15, 144
582556, 133, 144
582557, 140, 144
582558, 66, 144
582559, 0, 144
582560, 0, 144
585385, 15, 144
585386, 132, 144
585387, 248, 144
585388, 54, 144
585389, 0, 144
585390, 0, 144
588142, 15, 144
588143, 133, 144
588144, 223, 144
588145, 43, 144
588146, 0, 144
588147, 0, 144
588151, 116, 235
589611, 117, 235
589703, 117, 235
589744, 15, 144
589745, 132, 144
589746, 148, 144
589747, 37, 144
589748, 0, 144
589749, 0, 144
595082, 15, 144
595083, 132, 144
595084, 208, 144
595085, 12, 144
595086, 0, 144
595087, 0, 144
595228, 117, 235
595340, 117, 235
595394, 15, 144
595395, 132, 144
595396, 143, 144
595397, 11, 144
595398, 0, 144
595399, 0, 144
